0.000000   0.189358   0.189358   0.189358
0.020000   1.042536   0.780116   0.331049
0.040000   1.440103   1.316978   0.482847
0.060000   1.348249   1.447332   0.619351
0.080000   1.017602   1.151739   0.716079
0.100000   0.755640   0.755640   0.755640
0.120000   0.693042   0.591663   0.732079
0.140000   0.732138   0.676191   0.652033
0.160000   0.693506   0.744118   0.532268
0.180000   0.504960   0.579838   0.394293
0.200000   0.257756   0.257756   0.257756
0.220000   0.094951   0.030738   0.134725
0.240000   0.057743   0.020612   0.026759
0.260000   0.046523   0.081460  -0.074183
0.280000  -0.068727  -0.015274  -0.181236
0.300000  -0.305928  -0.305928  -0.305928
0.320000  -0.546148  -0.594550  -0.451529
0.340000  -0.657828  -0.686450  -0.608799
0.360000  -0.646989  -0.619517  -0.755791
0.380000  -0.673540  -0.630750  -0.862136
0.400000  -0.896827  -0.896827  -0.896827
0.420000  -1.284382  -1.324338  -0.837275
0.440000  -1.572156  -1.596100  -0.676956
0.460000  -1.441289  -1.418024  -0.429205
0.480000  -0.780294  -0.743648  -0.125819
0.500000   0.189358   0.189358   0.189358
0.520000   1.042536   1.007624   0.470214
0.540000   1.440103   1.418991   0.678831
0.560000   1.348249   1.368935   0.793717
0.580000   1.017602   1.050445   0.813572
0.600000   0.755640   0.755640   0.755640
0.620000   0.693042   0.661296   0.649300
0.640000   0.732138   0.712812   0.526883
0.660000   0.693506   0.712564   0.414481
0.680000   0.504960   0.535400   0.325358
0.700000   0.257756   0.257756   0.257756
0.720000   0.094951   0.065192   0.197482
0.740000   0.057743   0.039530   0.124261
0.760000   0.046523   0.064575   0.019771
0.780000  -0.068727  -0.039749  -0.125104
0.800000  -0.305928  -0.305928  -0.305928
0.820000  -0.546148  -0.574745  -0.504421
0.840000  -0.657828  -0.675409  -0.692180
0.860000  -0.646989  -0.629487  -0.837203
0.880000  -0.673540  -0.645323  -0.911362
0.900000  -0.896827  -0.896827  -0.896827
0.920000  -1.284382  -1.312464  -0.789901
0.940000  -1.572156  -1.589490  -0.601572
0.960000  -1.441289  -1.423962  -0.354956
0.980000  -0.780294  -0.752249  -0.080557
1.000000   0.189358   0.189358   0.189358
1.020000   1.042536   1.014407   0.426003
1.040000   1.440103   1.422671   0.607998
1.060000   1.348249   1.365741   0.723496
1.080000   1.017602   1.046024   0.770499
1.100000   0.755640   0.755640   0.755640
1.120000   0.693042   0.664311   0.691866
1.140000   0.732138   0.714263   0.595458
1.160000   0.693506   0.711514   0.482828
1.180000   0.504960   0.534338   0.367500
1.200000   0.257756   0.257756   0.257756
1.220000   0.094951   0.065009   0.155417
1.240000   0.057743   0.039036   0.056163
1.260000   0.046523   0.065450  -0.048426
1.280000  -0.068727  -0.037713  -0.167353
1.300000  -0.305928  -0.305928  -0.305928
1.320000  -0.546148  -0.578047  -0.461852
1.340000  -0.657828  -0.677853  -0.622944
1.360000  -0.646989  -0.626628  -0.767541
1.380000  -0.673540  -0.640006  -0.868003
1.400000  -0.896827  -0.896827  -0.896827
1.420000  -1.284382  -1.319250  -0.834009
1.440000  -1.572156  -1.594170  -0.673664
1.460000  -1.441289  -1.418769  -0.427854
1.480000  -0.780294  -0.742968  -0.126163
1.500000   0.189358   0.189358   0.189358
1.520000   1.042536   1.003189   0.472893
1.540000   1.440103   1.415074   0.685066
1.560000   1.348249   1.374056   0.801880
1.580000   1.017602   1.060739   0.819837
1.600000   0.755640   0.755640   0.755640
1.620000   0.693042   0.646708   0.640471
1.640000   0.732138   0.702353   0.510383
1.660000   0.693506   0.724568   0.395642
1.680000   0.504960   0.557527   0.312177
1.700000   0.257756   0.257756   0.257756
1.720000   0.094951   0.036861   0.214099
1.740000   0.057743   0.019781   0.154300
1.760000   0.046523   0.086846   0.053279
1.780000  -0.068727   0.000935  -0.102013
1.800000  -0.305928  -0.305928  -0.305928
1.820000  -0.546148  -0.627076  -0.533216
1.840000  -0.657828  -0.712370  -0.744399
1.860000  -0.646989  -0.586926  -0.895965
1.880000  -0.673540  -0.565228  -0.952452
1.900000  -0.896827  -0.896827  -0.896827
1.920000  -1.284382  -1.425725  -0.736061
1.940000  -1.572156  -1.675554  -0.500197
1.960000  -1.441289  -1.314362  -0.235125
1.980000  -0.780294  -0.513931   0.008843
